v2.0 raw
0002000440010000
000003000000c13a
0000000000000c50
0000008000001000
0000000000000c59
0000008000001000
0000004000000850
0004008000001000
0000004000000859
0004008000001000
0000004000800050
0000000004000200
0000000811000000
0000004000800050
0000000425000000
0000000008000800
0004008000001000
0000000000004040
000000400000c010
0000400000000052
000000400000c010
0000c00000000052
000000400000c010
0000100000000c59
0000008000001000
0000004000800050
0000001025000000
0000000008000800
0004008000001000
0000004000800050
0000000004000200
0000002011000000
